
S

0 518332046180
1 518332046337
0 518332047662
1 518332048063
0 518332049343
1 518332049662
0 518332050947
1 518332051264
0 518332052536
1 518332052835
0 518332053877
1 518332054181
0 518332055304
1 518332055648
0 518332056919
1 518332057222
0 518332058512
1 518332059002
0 518332060228
1 518332060675
0 518332061884
1 518332062229
0 518332063345
1 518332063663
0 518332064941
1 518332065232
0 518332066511
1 518332066822
0 518332067989
1 518332068306
0 518332069413
1 518332069705
0 518332070775
1 518332071091
0 518332072162
1 518332072665
0 518332073812
1 518332074280
0 518332075401
1 518332075739
0 518332077063
1 518332077415
0 518332078710
1 518332078993
0 518332080282
1 518332080617
0 518332081902
1 518332082223
0 518332083493
1 518332083827
0 518332084859
1 518332085150
0 518332086310
1 518332086768
0 518332087917
0 518332088081
1 518332088394

C

