
S

0 518332046017
0 518332046197
1 518332047918
1 518332049503
1 518332051116
1 518332052687
1 518332054037
1 518332055476
1 518332057079
1 518332058687

I

0 518332060208

O

1 518332060529
1 518332062056
1 518332063519
1 518332065088
1 518332066668
1 518332068151
1 518332069561
1 518332070942
1 518332072352

I

0 518332073784

O

1 518332074127
1 518332075579
1 518332077255
1 518332078870
1 518332080471
1 518332082065
1 518332083659
0 518332085005
1 518332086444

I

0 518332087894

O

0 518332088233
1 518332088541

C

